[DASH_CAM]
POS=0.402605,0.964598,-0.316926
EXP=20
